SPACEBEE-4              
1 43139U 18004AE  22255.81981717  .00080925  00000+0  13097-2 0  9996
2 43139  97.3787 341.8597 0003156  39.9287 320.2198 15.52535087260366
SPACEBEE-7              
1 43816U 18099BL  22255.18064665  .00003699  00000+0  31707-3 0  9998
2 43816  97.6185 321.3421 0011901 325.8766  34.1691 14.98085217205630
SPACEBEE-5              
1 43817U 18099BM  22255.15172039  .00011629  00000+0  88219-3 0  9993
2 43817  97.6257 324.7899 0005227 321.5334  38.5518 15.02370695205780
SPACEBEE-6              
1 43818U 18099BN  22255.60641497  .00006957  00000+0  57331-3 0  9992
2 43818  97.6243 322.8159 0010179 329.3764  30.6864 14.99325403205890
SPACEBEE-21             
1 46300U 20061AE  22255.14485486  .00023635  00000+0  10505-2 0  9999
2 46300  97.4442 326.1914 0001221 162.2594 197.8685 15.21516210111704
SPACEBEE-20             
1 46301U 20061AF  22255.14502081  .00024198  00000+0  10767-2 0  9996
2 46301  97.4472 326.2958 0001133 167.7190 192.4074 15.21473602111701
SPACEBEE-15             
1 46302U 20061AG  22255.43654206  .00027557  00000+0  11765-2 0  9997
2 46302  97.4446 326.8829 0001486 161.8347 198.2943 15.22856546111775
SPACEBEE-19             
1 46303U 20061AH  22255.20421395  .00025204  00000+0  11023-2 0  9998
2 46303  97.4452 326.4458 0001314 161.5733 198.5551 15.22054623111722
SPACEBEE-18             
1 46304U 20061AJ  22255.15087044  .00025039  00000+0  10980-2 0  9999
2 46304  97.4447 326.3490 0001301 161.8345 198.2938 15.21965767111714
SPACEBEE-10             
1 46305U 20061AK  22255.14681719  .00036265  00000+0  14395-2 0  9995
2 46305  97.4459 327.3261 0001454 165.5854 194.5425 15.25254224111779
SPACEBEE-11             
1 46307U 20061AM  22255.19571294  .00031821  00000+0  13023-2 0  9998
2 46307  97.4457 327.0907 0001504 161.9748 198.1542 15.24256672111768
SPACEBEE-16             
1 46308U 20061AN  22255.50852559  .00029996  00000+0  12837-2 0  9992
2 46308  97.4453 326.9781 0001409 164.4010 195.7270 15.22757456111784
SPACEBEE-12             
1 46309U 20061AP  22255.64527374  .00032418  00000+0  13441-2 0  9997
2 46309  97.4450 327.3973 0001544 162.6844 197.4446 15.23813262111823
SPACEBEE-13             
1 46310U 20061AQ  22255.16792773  .00029275  00000+0  12300-2 0  9993
2 46310  97.4449 326.8098 0001474 161.1372 198.9920 15.23386584111787
SPACEBEE-14             
1 46311U 20061AR  22255.18913260  .00027523  00000+0  11634-2 0  9995
2 46311  97.4454 326.7885 0001461 158.5970 201.5328 15.23194890111776
SPACEBEE-35             
1 46934U 20085F   22255.65168305  .00195005  00000+0  23613-2 0  9997
2 46934  97.4335  39.1030 0005375 153.3229 206.9838 15.59998259101156
SPACEBEE-36             
1 46935U 20085G   22255.62740340  .00173394  00000+0  22590-2 0  9990
2 46935  97.4333  38.9743 0004160 164.6859 195.4942 15.58131122101131
SPACEBEE-37             
1 46936U 20085H   22255.35466578  .00117696  00000+0  19112-2 0  9998
2 46936  97.4393  37.9142 0005947 147.3939 212.7685 15.52289487101039
SPACEBEE-38             
1 46937U 20085J   22255.39464039  .00120064  00000+0  19748-2 0  9991
2 46937  97.4341  37.6664 0007729 141.7593 218.4210 15.51907707101031
SPACEBEENZ-3            
1 46938U 20085K   22255.82956513  .00038515  00000+0  10804-2 0  9996
2 46938  97.4444  35.0938 0011691 131.9848 228.2491 15.36407324100884
SPACEBEENZ-4            
1 46939U 20085L   22255.38911598  .00035251  00000+0  10128-2 0  9995
2 46939  97.4449  34.4660 0012097 133.3757 226.8500 15.35671268100807
SPACEBEENZ-5            
1 46941U 20085N   22255.83313338  .00034113  00000+0  99273-3 0  9991
2 46941  97.4436  34.8014 0012467 132.1917 228.0466 15.35273326100863
SPACEBEENZ-6            
1 46942U 20085P   22255.36086721  .00032569  00000+0  96262-3 0  9991
2 46942  97.4465  34.2554 0012041 132.9186 227.3207 15.34799752100784
SPACEBEE-33             
1 46944U 20085R   22255.82983560  .00089945  00000+0  17794-2 0  9993
2 46944  97.4309  36.5399 0008578 143.6800 216.5057 15.46738259101004
SPACEBEE-29             
1 46945U 20085S   22255.38729630  .00109616  00000+0  19274-2 0  9994
2 46945  97.4340  36.6758 0007307 146.7200 213.4519 15.50065396100971
SPACEBEE-32             
1 46946U 20085T   22255.83713851  .00092271  00000+0  17811-2 0  9996
2 46946  97.4328  36.6896 0008538 143.9129 216.2899 15.47442324101011
SPACEBEE-31             
1 46947U 20085U   22255.39200481  .00096556  00000+0  18111-2 0  9992
2 46947  97.4344  36.3660 0008010 151.2272 208.9335 15.48259939100956
SPACEBEE-28             
1 46948U 20085V   22255.85158077  .00120363  00000+0  20445-2 0  9994
2 46948  97.4305  37.2734 0007472 150.7932 209.3820 15.51002219101051
SPACEBEE-30             
1 46949U 20085W   22255.38952250  .00106520  00000+0  19311-2 0  9997
2 46949  97.4350  36.5161 0008181 147.8672 212.3091 15.49197434100968
SPACEBEE-27             
1 46950U 20085X   22255.85424404  .00153170  00000+0  22514-2 0  9998
2 46950  97.4285  37.8324 0008716 159.2356 200.9268 15.54900680101097
SPACEBEE-25             
1 46951U 20085Y   22255.39322225  .00180891  00000+0  23787-2 0  9999
2 46951  97.4292  37.8748 0005128 170.8372 189.2983 15.57852683101058
SPACEBEE-24             
1 46952U 20085Z   22255.86369690  .00121281  00000+0  20112-2 0  9996
2 46952  97.4362  37.3848 0006594 146.0640 214.1110 15.51681861101067
SPACEBEE-22             
1 46953U 20085AA  22255.83262833  .00203661  00000+0  25102-2 0  9992
2 46953  97.4253  38.4496 0004597 169.4172 190.7231 15.59504860101130
SPACEBEE-26             
1 46956U 20085AD  22255.82663281  .00134155  00000+0  21567-2 0  9998
2 46956  97.4312  37.4390 0007622 151.8665 208.3010 15.52497150100984
SPACEBEENZ-2            
1 46957U 20085AE  22255.81925075  .00044466  00000+0  12178-2 0  9993
2 46957  97.4473  35.2541 0011848 130.3295 229.8987 15.37119728100855
SPACEBEE-39             
1 46958U 20085AF  22255.81746948  .00106459  00000+0  18736-2 0  9991
2 46958  97.4323  37.6751 0006860 137.3236 222.8564 15.50054690100371
SPACEBEENZ-1            
1 46959U 20085AG  22255.85224611  .00044265  00000+0  11802-2 0  9997
2 46959  97.4443  35.5217 0012073 132.3551 227.8745 15.37949835100394
SPACEBEE-23             
1 46960U 20085AH  22255.68972154  .00197059  00000+0  26375-2 0  9993
2 46960  97.4316  38.0333 0005854 158.2233 201.9272 15.57318115100228
SPACEBEE-52             
1 47425U 21006N   22255.59110013  .00047180  00000+0  16157-2 0  9998
2 47425  97.4367 317.4062 0008015 323.3912  36.6780 15.30036974 91716
SPACEBEE-46             
1 47426U 21006P   22255.10743183  .00030136  00000+0  11343-2 0  9991
2 47426  97.4361 316.1727 0008983 330.1444  29.9282 15.27029967 91593
SPACEBEE-47             
1 47427U 21006Q   22255.62214882  .00032372  00000+0  12330-2 0  9999
2 47427  97.4359 316.5518 0009049 329.2671  30.8037 15.26620402 90709
SPACEBEE-59             
1 47428U 21006R   22255.15122701  .00029146  00000+0  11262-2 0  9994
2 47428  97.4362 315.9666 0009172 333.9941  26.0835 15.26163888 91580
SPACEBEE-62             
1 47429U 21006S   22255.40420795  .00009973  00000+0  47929-3 0  9993
2 47429  97.4316 314.0126 0011689 336.7918  23.2787 15.18962585 90533
SPACEBEE-61             
1 47431U 21006U   22255.88707616  .00024043  00000+0  10580-2 0  9995
2 47431  97.4397 314.3854 0003852 355.1960   4.9238 15.21849671 91522
SPACEBEE-49             
1 47432U 21006V   22255.14419507  .00021140  00000+0  93832-3 0  9991
2 47432  97.4406 313.5798 0003887 358.5497   1.5727 15.21580559 91402
SPACEBEE-60             
1 47433U 21006W   22255.39266061  .00024160  00000+0  10632-2 0  9995
2 47433  97.4406 313.8772 0003430   0.1840 359.9397 15.21847714 91440
SPACEBEE-53             
1 47434U 21006X   22255.61635606  .00034105  00000+0  13997-2 0  9993
2 47434  97.4417 314.7088 0003010 356.3753   3.7462 15.24143902 91512
SPACEBEE-63             
1 47442U 21006AF  22255.60548949  .00008917  00000+0  46787-3 0  9990
2 47442  97.4355 312.2589 0005505   5.0445 355.0842 15.15958796 90416
SPACEBEE-50             
1 47443U 21006AG  22255.75686334  .00023266  00000+0  10281-2 0  9991
2 47443  97.4400 314.2457 0003994 355.6685   4.4516 15.21713539 90542
SPACEBEE-51             
1 47444U 21006AH  22255.16621346  .00033206  00000+0  13336-2 0  9998
2 47444  97.4332 313.8463 0003252   0.0747   0.0490 15.24878059 90507
SPACEBEE-48             
1 47447U 21006AL  22255.15335283  .00037854  00000+0  14137-2 0  9995
2 47447  97.4312 315.1211 0006530 333.9808  26.1102 15.27256204 90595
SPACEBEE-40             
1 47449U 21006AN  22255.59054586  .00034486  00000+0  13529-2 0  9991
2 47449  97.4314 315.1521 0007156 333.4387  26.6483 15.25636681 90636
SPACEBEE-41             
1 47451U 21006AQ  22255.47658673  .00034438  00000+0  13555-2 0  9994
2 47451  97.4320 315.0405 0006950 335.0403  25.0498 15.25528206 90614
SPACEBEE-42             
1 47455U 21006AU  22255.12378142  .00029155  00000+0  11589-2 0  9995
2 47455  97.4324 314.6215 0007007 337.1630  22.9295 15.25235102 90559
SPACEBEE-55             
1 47459U 21006AY  22255.41385386  .00009289  00000+0  46546-3 0  9997
2 47459  97.4278 312.6411 0010356 351.4682   8.6374 15.17534961 90469
SPACEBEE-54             
1 47460U 21006AZ  22255.13271038  .00028635  00000+0  11394-2 0  9994
2 47460  97.4327 314.6425 0006947 337.7845  22.3091 15.25204310 90552
SPACEBEE-58             
1 47464U 21006BD  22255.61748126  .00033618  00000+0  12784-2 0  9999
2 47464  97.4358 316.5650 0008991 328.9988  31.0719 15.26666783 90700
SPACEBEE-57             
1 47465U 21006BE  22255.15359014  .00008720  00000+0  45835-3 0  9993
2 47465  97.4300 311.3442 0005209  15.9393 344.2003 15.15904615 90344
SPACEBEE-44             
1 47466U 21006BF  22255.59323793  .00029339  00000+0  12449-2 0  9990
2 47466  97.4329 313.9092 0003963 355.4629   4.6571 15.23046223 90544
SPACEBEE-56             
1 47468U 21006BH  22255.58584047  .00027625  00000+0  11914-2 0  9994
2 47468  97.4335 313.7979 0004271 354.9045   5.2147 15.22505809 90538
SPACEBEE-45             
1 47470U 21006BK  22255.39850681  .00026455  00000+0  11285-2 0  9997
2 47470  97.4332 313.7494 0004210 355.9712   4.1490 15.22887158 90512
SPACEBEE-43             
1 47480U 21006BV  22255.12720011  .00025665  00000+0  10872-2 0  9995
2 47480  97.4329 313.4523 0004080 355.7326   4.3875 15.23131436 90479
SPACEBEE-87             
1 47703U 21015E   22255.21240129  .00065468  00000+0  15316-2 0  9993
2 47703  97.4096 333.5439 0007289 126.1559 234.0364 15.41884573 85600
SPACEBEE-86             
1 47704U 21015F   22255.44495235  .00075778  00000+0  17059-2 0  9990
2 47704  97.4080 333.9598 0007303 122.1149 238.0808 15.42993721 85639
SPACEBEE-85             
1 47705U 21015G   22255.17637260  .00070888  00000+0  15907-2 0  9994
2 47705  97.4078 333.7060 0007010 125.6090 234.5812 15.43112778 85617
SPACEBEE-84             
1 47706U 21015H   22255.80703572  .00074600  00000+0  16558-2 0  9994
2 47706  97.4076 334.3871 0007014 123.1214 237.0708 15.43423180 85713
SPACEBEE-83             
1 47707U 21015J   22255.79695942  .00076370  00000+0  16690-2 0  9997
2 47707  97.4060 334.3773 0006268 124.7917 235.3921 15.43882102 85716
SPACEBEE-82             
1 47708U 21015K   22255.17316303  .00079035  00000+0  16734-2 0  9991
2 47708  97.4068 333.9793 0007049 128.1407 232.0478 15.44803926 85632
SPACEBEE-81             
1 47709U 21015L   22255.18683391  .00083376  00000+0  17233-2 0  9995
2 47709  97.4076 334.1309 0006667 127.2976 232.8882 15.45497853 85562
SPACEBEE-78             
1 47710U 21015M   22255.86436950  .00097108  00000+0  18963-2 0  9998
2 47710  97.4067 335.0544 0006045 128.4029 231.7764 15.47106327 85761
SPACEBEE-76             
1 47711U 21015N   22255.45733243  .00124637  00000+0  22736-2 0  9990
2 47711  97.4059 334.9785 0006126 129.6027 230.5765 15.48965737 85722
SPACEBEE-80             
1 47712U 21015P   22255.66490775  .00102323  00000+0  20601-2 0  9991
2 47712  97.4071 334.7122 0006230 127.6943 232.4872 15.46194096 85721
SPACEBEE-77             
1 47714U 21015Q   22255.17329849  .00106089  00000+0  19725-2 0  9990
2 47714  97.4065 334.6079 0006080 129.1478 231.0314 15.48489648 85592
SPACEBEE-79             
1 47715U 21015R   22255.16831250  .00086543  00000+0  17660-2 0  9992
2 47715  97.4102 334.2415 0006349 128.7325 231.4493 15.45862896 85644
SPACEBEE-65             
1 48626U 21006ES  22255.06515337  .00029629  00000+0  11182-2 0  9993
2 48626  97.2003 300.3009 0009547 311.5047  48.5373 15.26937752 90602
SPACEBEE-64             
1 48627U 21006ET  22255.37291553  .00032125  00000+0  12034-2 0  9991
2 48627  97.2001 300.6421 0009408 309.4207  50.6199 15.27168835 90656
SPACEBEE-66             
1 48628U 21006EU  22255.82940630  .00031762  00000+0  12118-2 0  9998
2 48628  97.2000 300.9350 0009806 308.8795  51.1569 15.26560018 90719
SPACEBEE-67             
1 48629U 21006EV  22255.12426532  .00026180  00000+0  10066-2 0  9990
2 48629  97.1999 300.2190 0009802 312.9051  47.1364 15.26343064 90604
SPACEBEE-68             
1 48630U 21006EW  22255.86797492  .00030251  00000+0  11665-2 0  9999
2 48630  97.1999 300.8861 0009833 309.0989  50.9375 15.26216423 90712
SPACEBEE-69             
1 48631U 21006EX  22255.36483672  .00027171  00000+0  10559-2 0  9995
2 48631  97.2003 300.3587 0009997 311.5021  48.5359 15.25978809 90634
SPACEBEE-70             
1 48632U 21006EY  22255.58739881  .00030075  00000+0  11734-2 0  9999
2 48632  97.2003 300.5126 0010111 310.9884  49.0480 15.25823665 90669
SPACEBEE-71             
1 48633U 21006EZ  22255.55377336  .00030006  00000+0  11789-2 0  9994
2 48633  97.1999 300.4042 0010384 311.0245  49.0095 15.25589723 90659
SPACEBEE-72             
1 48634U 21006FA  22255.86293258  .00027696  00000+0  11004-2 0  9990
2 48634  97.2001 300.6024 0010765 310.4040  49.6258 15.25227106 90691
SPACEBEE-73             
1 48635U 21006FB  22255.36333786  .00029337  00000+0  11717-2 0  9992
2 48635  97.2002 300.0666 0010857 313.0426  46.9902 15.25040248 90616
SPACEBEE-74             
1 48636U 21006FC  22255.88375409  .00025843  00000+0  10474-2 0  9995
2 48636  97.2000 300.4305 0011233 311.6625  48.3650 15.24570242 90687
SPACEBEE-75             
1 48637U 21006FD  22255.07263033  .00023011  00000+0  94243-3 0  9998
2 48637  97.2000 299.5513 0011537 315.3640  44.6669 15.24237824 90553
SPACEBEENZ-10           
1 48882U 21059D   22255.63896269  .00022415  00000+0  10519-2 0  9993
2 48882  97.5632  25.4337 0008142 159.7932 200.3627 15.19631209 67188
SPACEBEE-100            
1 48883U 21059E   22255.63946187  .00014459  00000+0  73254-3 0  9994
2 48883  97.5660  24.8894 0008904 155.5667 204.5990 15.17051266 67148
SPACEBEE-101            
1 48884U 21059F   22255.32412723  .00012030  00000+0  61359-3 0  9991
2 48884  97.5658  24.5487 0008616 160.2449 199.9119 15.16862451 67091
SPACEBEE-102            
1 48886U 21059H   22255.31201703  .00012314  00000+0  62647-3 0  9992
2 48886  97.5660  24.5644 0008574 159.5263 200.6315 15.16946562 67093
SPACEBEENZ-9            
1 48887U 21059J   22255.31078731  .00019895  00000+0  93492-3 0  9999
2 48887  97.5626  25.0988 0008130 161.0815 199.0723 15.19609582 67132
SPACEBEE-103            
1 48888U 21059K   22255.67189732  .00013431  00000+0  67793-3 0  9998
2 48888  97.5664  25.0133 0008922 156.0253 204.1398 15.17199502 67158
SPACEBEENZ-7            
1 48889U 21059L   22255.33604714  .00018642  00000+0  87168-3 0  9991
2 48889  97.5647  25.3348 0008710 160.2467 199.9106 15.19790680 67143
SPACEBEE-104            
1 48890U 21059M   22255.30450499  .00013069  00000+0  65886-3 0  9990
2 48890  97.5659  24.5501 0008796 160.2361 199.9214 15.17249760 67097
SPACEBEENZ-8            
1 48891U 21059N   22255.60500547  .00021041  00000+0  98531-3 0  9996
2 48891  97.5649  25.5913 0008755 159.2760 200.8831 15.19713161 67181
SPACEBEE-106            
1 48893U 21059Q   22255.67003616  .00012707  00000+0  64390-3 0  9995
2 48893  97.5680  25.1228 0009334 158.5298 201.6328 15.17073467 67158
SPACEBEE-107            
1 48894U 21059R   22255.36245241  .00013280  00000+0  66350-3 0  9999
2 48894  97.5687  24.9219 0009150 158.4172 201.7449 15.17558278 67118
SPACEBEE-108            
1 48895U 21059S   22255.33726196  .00011181  00000+0  56750-3 0  9991
2 48895  97.5675  24.7768 0009407 159.1256 201.0362 15.17048406 67102
SPACEBEE-105            
1 48896U 21059T   22255.32416653  .00013133  00000+0  66394-3 0  9999
2 48896  97.5656  24.5224 0009046 151.0796 209.0940 15.17149334 67096
SPACEBEE-109            
1 48897U 21059U   22255.31020375  .00013158  00000+0  66036-3 0  9991
2 48897  97.5680  24.8077 0009482 158.4065 201.7570 15.17401018 67107
SPACEBEE-110            
1 48899U 21059W   22255.31066210  .00013554  00000+0  67437-3 0  9997
2 48899  97.5685  24.9920 0009636 156.5176 203.6499 15.17695975 67114
SPACEBEE-111            
1 48904U 21059AB  22255.29906076  .00013696  00000+0  67354-3 0  9999
2 48904  97.5693  25.1978 0010542 156.5269 203.6447 15.18091483 67126
SPACEBEE-92             
1 48932U 21059BF  22255.85063489  .00046998  00000+0  16822-2 0  9998
2 48932  97.5535  28.1450 0013423 153.5549 206.6378 15.28538616 67401
SPACEBEE-89             
1 48933U 21059BG  22255.36077857  .00050398  00000+0  17439-2 0  9993
2 48933  97.5528  27.8541 0013226 154.7265 205.4624 15.29629320 67348
SPACEBEE-96             
1 48934U 21059BH  22255.33498988  .00041258  00000+0  15164-2 0  9991
2 48934  97.5539  27.4628 0013771 154.8955 205.2956 15.27695557 67311
SPACEBEE-88             
1 48935U 21059BJ  22255.34185605  .00050172  00000+0  17216-2 0  9997
2 48935  97.5516  27.8546 0013164 154.7120 205.4767 15.29903620 67349
SPACEBEE-99             
1 48936U 21059BK  22255.59482531  .00043833  00000+0  16462-2 0  9991
2 48936  97.5547  27.5975 0013943 154.3113 205.8820 15.26964845 67347
SPACEBEE-94             
1 48937U 21059BL  22255.35702709  .00044743  00000+0  16227-2 0  9998
2 48937  97.5527  27.5591 0013713 154.6322 205.5593 15.28115285 67320
SPACEBEE-93             
1 48939U 21059BN  22255.33470024  .00049184  00000+0  17216-2 0  9993
2 48939  97.5524  27.7363 0013268 155.9059 204.2804 15.29259116 67339
SPACEBEE-91             
1 48940U 21059BP  22255.32139880  .00049670  00000+0  17361-2 0  9997
2 48940  97.5527  27.7587 0013230 155.5381 204.6489 15.29304409 67334
SPACEBEE-95             
1 48945U 21059BU  22255.59581701  .00050243  00000+0  18035-2 0  9991
2 48945  97.5539  27.8854 0013376 154.6171 205.5728 15.28427967 67361
SPACEBEE-97             
1 48946U 21059BV  22255.36046642  .00040945  00000+0  15207-2 0  9993
2 48946  97.5541  27.4339 0013984 154.5623 205.6306 15.27349511 67310
SPACEBEE-90             
1 48947U 21059BW  22255.30918846  .00049245  00000+0  17136-2 0  9997
2 48947  97.5527  27.7710 0013267 155.1586 205.0295 15.29451824 67336
SPACEBEE-98             
1 48949U 21059BY  22255.35714228  .00040088  00000+0  14857-2 0  9995
2 48949  97.5557  27.4732 0013694 155.0265 205.1639 15.27428416 67319
SPACEBEE-121            
1 52009U 22026B   22255.73646000  .00014241  00000+0  72386-3 0  9990
2 52009  97.5048 254.6093 0025252 336.7006  23.3080 15.16692012 27414
SPACEBEE-114            
1 52010U 22026C   22255.72813149  .00014291  00000+0  72163-3 0  9999
2 52010  97.5074 254.6663 0024561 338.3363  21.6829 15.16937251 27424
SPACEBEE-126            
1 52011U 22026D   22255.73246377  .00013990  00000+0  70728-3 0  9994
2 52011  97.5060 254.6276 0024844 335.5951  24.4104 15.16893732 27417
SPACEBEE-118            
1 52012U 22026E   22255.76039353  .00014309  00000+0  71528-3 0  9996
2 52012  97.5064 254.7658 0023949 340.1342  19.8956 15.17302836 27434
SPACEBEE-120            
1 52013U 22026F   22255.44452544  .00012700  00000+0  63902-3 0  9993
2 52013  97.5057 254.3944 0025777 334.0827  25.9113 15.17062861 27379
SPACEBEE-122            
1 52014U 22026G   22255.50940997  .00014030  00000+0  70498-3 0  9991
2 52014  97.5057 254.4658 0024674 336.6812  23.3300 15.17111509 27385
SPACEBEE-119            
1 52015U 22026H   22255.46882590  .00013763  00000+0  69906-3 0  9995
2 52015  97.5066 254.3932 0025442 337.7374  22.2752 15.16719333 27375
SPACEBEE-115            
1 52016U 22026J   22255.51591285  .00013264  00000+0  66803-3 0  9999
2 52016  97.5070 254.4872 0025120 337.2130  22.7986 15.17032418 27381
SPACEBEENZ-14           
1 52018U 22026L   22255.46360029  .00017530  00000+0  86063-3 0  9995
2 52018  97.5063 254.5437 0024637 336.9957  23.0172 15.17871658 27386
SPACEBEENZ-11           
1 52019U 22026M   22255.51951863  .00018534  00000+0  90527-3 0  9999
2 52019  97.5061 254.6202 0024381 336.7068  23.3059 15.18045265 27355
SPACEBEE-127            
1 52020U 22026N   22255.52360973  .00013009  00000+0  65749-3 0  9998
2 52020  97.5060 254.4494 0025124 336.8202  23.1896 15.16914256 27332
SPACEBEE-125            
1 52021U 22026P   22255.48800792  .00015448  00000+0  76670-3 0  9996
2 52021  97.5047 254.4833 0026916 336.3172  23.6820 15.17469005 27257
SPACEBEE-117            
1 52022U 22026Q   22255.65178535  .00013235  00000+0  66775-3 0  9996
2 52022  97.5072 254.6134 0025163 336.3580  23.6494 15.16971666 27277
SPACEBEE-116            
1 52023U 22026R   22255.70957470  .00013372  00000+0  67226-3 0  9990
2 52023  97.5072 254.6912 0024940 336.4887  23.5204 15.17099331 27285
SPACEBEE-113            
1 52024U 22026S   22255.43989984  .00013661  00000+0  68524-3 0  9999
2 52024  97.5064 254.4287 0026739 333.5705  26.4163 15.17130253 27246
SPACEBEE-112            
1 52025U 22026T   22255.82028071  .00016146  00000+0  80268-3 0  9994
2 52025  97.5066 254.8408 0024866 335.5026  24.5023 15.17449157 27302
SPACEBEENZ-13           
1 52026U 22026U   22255.46093030  .00017819  00000+0  87353-3 0  9992
2 52026  97.5061 254.5456 0024555 337.0188  22.9945 15.17922728 27168
SPACEBEE-123            
1 52027U 22026V   22255.72837950  .00014156  00000+0  71731-3 0  9993
2 52027  97.5054 254.6283 0025157 336.5219  23.4863 15.16804677 27197
SPACEBEENZ-12           
1 52028U 22026W   22255.47525716  .00017584  00000+0  86768-3 0  9994
2 52028  97.5073 254.5460 0024739 337.1721  22.8410 15.17693100 27251
SPACEBEE-124            
1 52029U 22026X   22255.73055881  .00013631  00000+0  69182-3 0  9995
2 52029  97.5054 254.6245 0025202 336.8085  23.2008 15.16754396 25911
SPACEBEE-136            
1 52164U 22033H   22255.45080880  .00019213  00000+0  77114-3 0  9995
2 52164  97.3766 335.5099 0009889  76.1348 284.0990 15.24973699 24930
SPACEBEE-138            
1 52166U 22033K   22255.45945867  .00018612  00000+0  74896-3 0  9998
2 52166  97.3789 335.5453 0011159  67.2830 292.9586 15.24879865 24930
SPACEBEE-130            
1 52176U 22033V   22255.19250722  .00016820  00000+0  67488-3 0  9997
2 52176  97.3777 335.2655 0007970  74.7879 285.4240 15.25028366 24893
SPACEBEE-139            
1 52177U 22033W   22255.16782803  .00017034  00000+0  69624-3 0  9997
2 52177  97.3795 335.1778 0010948  74.3553 285.8891 15.24376743 24882
SPACEBEE-129            
1 52179U 22033Y   22255.17316213  .00016616  00000+0  68029-3 0  9991
2 52179  97.3779 335.1447 0009661  77.9979 282.2340 15.24337412 24880
SPACEBEE-134            
1 52180U 22033Z   22255.44639322  .00016667  00000+0  69120-3 0  9991
2 52180  97.3768 335.3891 0009908  76.7001 283.5341 15.23902342 24921
SPACEBEE-131            
1 52181U 22033AA  22255.81981742  .00016390  00000+0  66810-3 0  9995
2 52181  97.3781 335.8089 0009783  76.9610 283.2719 15.24487659 24982
SPACEBEE-128            
1 52182U 22033AB  22255.17013728  .00017293  00000+0  70638-3 0  9991
2 52182  97.3796 335.1813 0009984  77.7490 282.4865 15.24404920 24887
SPACEBEE-133            
1 52183U 22033AC  22255.22693660  .00016450  00000+0  67052-3 0  9997
2 52183  97.3783 335.2322 0009868  78.2485 281.9860 15.24486774 24876
SPACEBEE-132            
1 52185U 22033AE  22255.66954669  .00018541  00000+0  74896-3 0  9993
2 52185  97.3786 335.7184 0009623  87.7305 272.5035 15.24768365 24966
SPACEBEE-137            
1 52186U 22033AF  22255.16618763  .00016172  00000+0  66232-3 0  9994
2 52186  97.3785 335.1682 0010208  77.4347 282.8031 15.24327424 24884
SPACEBEE-135            
1 52187U 22033AG  22255.66835045  .00018321  00000+0  74009-3 0  9993
2 52187  97.3792 335.7329 0009280  73.0157 287.2097 15.24771949 24961
SPACEBEE-143            
1 52394U 22047A   22255.19628662  .00009939  00000+0  54299-3 0  9995
2 52394  97.4468 338.2051 0007869 228.4723 131.5835 15.14479716 21478
SPACEBEENZ-15           
1 52395U 22047B   22255.48785878  .00014426  00000+0  76949-3 0  9994
2 52395  97.4470 338.5774 0008021 224.3303 135.7288 15.15237163 21520
SPACEBEENZ-16           
1 52396U 22047C   22255.68588611  .00014701  00000+0  78396-3 0  9997
2 52396  97.4470 338.7716 0008024 223.6235 136.4364 15.15240745 21554
SPACEBEENZ-17           
1 52397U 22047D   22255.22529260  .00012536  00000+0  67008-3 0  9995
2 52397  97.4472 338.3168 0007963 225.4136 134.6447 15.15195497 21482
SPACEBEENZ-18           
1 52398U 22047E   22255.68828950  .00014262  00000+0  76163-3 0  9994
2 52398  97.4471 338.7691 0007981 223.7065 136.3536 15.15198642 21550
SPACEBEE-140            
1 52399U 22047F   22255.24081133  .00011536  00000+0  62263-3 0  9998
2 52399  97.4474 338.2980 0007974 226.0877 133.9697 15.14870864 21507
SPACEBEE-141            
1 52400U 22047G   22255.18707599  .00010358  00000+0  56369-3 0  9996
2 52400  97.4470 338.2174 0008042 226.6547 133.4015 15.14605914 21475
SPACEBEE-142            
1 52401U 22047H   22255.45905527  .00011220  00000+0  61272-3 0  9996
2 52401  97.4466 338.4635 0007846 225.7545 134.3043 15.14461703 21516
SPACEBEENZ-20           
1 52402U 22047J   22255.23177429  .00013323  00000+0  71341-3 0  9999
2 52402  97.4465 338.2962 0008644 229.3662 130.6820 15.15114704 21489
SPACEBEENZ-22           
1 52403U 22047K   22255.16959631  .00012665  00000+0  68001-3 0  9992
2 52403  97.4467 338.2267 0008678 229.4268 130.6210 15.15030828 21476
SPACEBEENZ-19           
1 52404U 22047L   22255.23018390  .00013055  00000+0  69859-3 0  9995
2 52404  97.4468 338.2992 0008673 229.5671 130.4805 15.15141171 21480
SPACEBEENZ-21           
1 52405U 22047M   22255.23263639  .00012479  00000+0  66880-3 0  9994
2 52405  97.4467 338.2957 0008634 229.3601 130.6882 15.15098242 21486
SPACEBEE-148            
1 52406U 22047N   22255.18148711  .00011962  00000+0  64699-3 0  9994
2 52406  97.4464 338.2121 0008618 230.3600 129.6872 15.14784529 21475
SPACEBEE-149            
1 52407U 22047P   22255.46561765  .00011728  00000+0  64130-3 0  9994
2 52407  97.4459 338.4414 0008574 228.9167 131.1325 15.14400099 21512
SPACEBEE-153            
1 52408U 22047Q   22255.18437005  .00010879  00000+0  58996-3 0  9992
2 52408  97.4492 338.2570 0008609 242.8309 117.2046 15.14715829 21473
SPACEBEE-150            
1 52409U 22047R   22255.19697906  .00009814  00000+0  53621-3 0  9999
2 52409  97.4463 338.1920 0008510 231.0153 129.0321 15.14477578 21471
SPACEBEE-144            
1 52410U 22047S   22255.19606071  .00009845  00000+0  53757-3 0  9998
2 52410  97.4469 338.2059 0007877 229.5482 130.5063 15.14502154 21474
SPACEBEE-145            
1 52411U 22047T   22255.19977232  .00009280  00000+0  50794-3 0  9990
2 52411  97.4467 338.1992 0007787 229.0953 130.9605 15.14433285 21470
SPACEBEE-146            
1 52412U 22047U   22255.86993477  .00009390  00000+0  51643-3 0  9990
2 52412  97.4460 338.8291 0007801 226.6378 133.4205 15.14256753 21572
SPACEBEE-151            
1 52413U 22047V   22255.20124184  .00009398  00000+0  51445-3 0  9998
2 52413  97.4463 338.1857 0008418 231.8702 128.1771 15.14422330 21475
SPACEBEE-152            
1 52414U 22047W   22255.47261479  .00010142  00000+0  55642-3 0  9999
2 52414  97.4460 338.4316 0008382 229.9603 130.0895 15.14319923 21511
SPACEBEE-147            
1 52415U 22047X   22255.66805217  .00010485  00000+0  57413-3 0  9993
2 52415  97.4467 338.6458 0007760 229.9362 130.1190 15.14383182 21549
SPACEBEE-155            
1 52416U 22047Y   22255.81280939  .00008366  00000+0  46330-3 0  9990
2 52416  97.4453 338.7399 0008836 233.6584 126.3833 15.14037929 21561
SPACEBEE-154            
1 52417U 22047Z   22255.47580994  .00009743  00000+0  53571-3 0  9992
2 52417  97.4462 338.4302 0008266 231.8006 128.2482 15.14253335 21516